problem 2 part 3 using factor graph:
Estimated camera pose relative to AprilTag:
R: [
        0.999231, -0.0349463, 0.0177711;
        -0.0353413, -0.999124, 0.0224232;
        0.0169719, -0.023034, -0.999591
]
t: -0.0162348  -0.029084  0.0805473

error: 0.4123754916279474

problem 2 part 2 using a different approach:
Rotation Vector:
 [[ 3.09390473]
 [-0.05519934]
 [ 0.05258402]]
Translation Vector:
 [[ 0.01379806]
 [-0.02777109]
 [ 0.08324311]]
Rotation Matrix:
 [[ 0.99878705 -0.03643552  0.03311932]
 [-0.03484749 -0.99827158 -0.04732335]
 [ 0.03478633  0.04611182 -0.99833041]]
Estimated camera pose relative to AprilTag:
R: [
        0.998787, -0.0364355, 0.0331193;
        -0.0348475, -0.998272, -0.0473233;
        0.0347863, 0.0461118, -0.99833
]
t:  0.0137981 -0.0277711  0.0832431